x y pen
0 0 0
5 58 1
5 59 1
5 65 1
6 66 1
7 67 1
8 67 1
8 67 1
8 68 1
8 68 1
9 68 1
9 68 1
10 69 1
10 69 1
11 69 1
11 69 1
12 70 1
12 70 1
12 71 1
12 75 1
13 75 1
13 75 1
13 76 1
13 76 1
14 76 1
14 76 1
15 77 1
15 77 1
16 77 1
18 77 1
19 76 1
19 76 1
20 77 1
20 77 1
21 77 1
23 77 1
23 77 0
23 77 0
20 75 1
20 75 1
20 74 1
20 74 1
19 74 1
19 74 1
18 73 1
18 73 1
17 73 1
15 73 1
14 72 1
14 72 1
14 71 1
14 70 1
13 69 1
13 69 1
13 68 1
13 68 1
12 67 1
12 67 1
11 67 1
11 67 1
10 66 1
10 66 1
9 66 1
9 66 1
8 65 1
7 64 1
7 63 1
7 59 1
8 58 1
8 58 1
9 58 1
10 58 1
10 59 1
10 59 1
11 59 1
15 59 1
16 60 1
16 60 1
17 60 1
18 60 1
19 59 1
19 59 1
20 59 1
24 59 1
24 58 1
24 58 1
25 58 1
26 58 1
27 57 1
27 57 1
28 57 1
28 57 1
28 57 0
28 57 0
26 56 1
26 56 1
25 56 1
24 56 1
23 57 1
23 57 1
22 57 1
19 57 1
18 58 1
18 58 1
17 58 1
16 58 1
15 57 1
15 57 1
14 57 1
11 57 1
10 56 1
10 56 1
9 56 1
9 56 1
9 55 1
9 53 1
10 53 1
10 53 1
10 52 1
10 52 1
11 52 1
11 52 1
11 51 1
11 51 1
12 51 1
12 51 1
13 50 1
13 50 1
13 49 1
13 46 1
13 46 0
13 46 0
26 55 1
26 55 1
27 55 1
29 55 1
29 54 1
29 54 1
30 54 1
30 54 1
30 53 1
30 53 1
31 52 1
31 52 1
32 52 1
32 52 1
32 51 1
32 46 1
31 45 1
28 42 1
27 42 1
26 42 1
25 43 1
25 43 1
25 44 1
25 44 1
24 44 1
22 44 1
23 43 1
23 43 1
23 42 1
23 42 1
22 42 1
22 42 1
22 41 1
22 41 1
21 41 1
17 41 1
16 42 1
16 42 1
16 43 1
16 44 1
15 44 1
14 44 1
14 44 0
14 44 0
16 45 1
16 45 1
16 46 1
16 46 1
15 46 1
15 46 1
15 46 0
15 46 0
17 46 1
17 46 1
18 46 1
18 46 1
19 45 1
19 45 1
18 44 1
18 44 1
17 44 1
17 44 1
18 43 1
18 43 1
19 43 1
21 43 1
21 43 0
21 43 0
23 41 1
23 41 1
24 41 1
24 41 1
24 40 1
24 40 1
25 40 1
28 40 1
28 39 1
28 36 1
29 35 1
29 35 1
29 34 1
29 32 1
30 31 1
30 31 1
30 30 1
30 30 1
31 29 1
33 27 1
34 27 1
34 27 1
35 26 1
35 26 1
36 26 1
36 26 1
37 27 1
37 27 1
38 27 1
39 27 1
40 26 1
40 26 1
41 26 1
41 26 1
41 25 1
41 25 1
42 25 1
42 25 1
42 24 1
42 23 1
43 22 1
43 22 1
44 22 1
46 22 1
46 21 1
46 19 1
47 19 1
49 19 1
49 20 1
49 20 1
50 20 1
51 20 1
51 19 1
51 19 1
52 19 1
53 19 1
53 20 1
53 20 1
54 20 1
54 20 1
54 21 1
54 21 1
55 22 1
55 22 1
55 23 1
55 23 1
56 24 1
56 24 1
56 25 1
56 25 1
57 26 1
57 26 1
57 27 1
57 28 1
58 28 1
59 28 1
60 29 1
60 29 1
61 29 1
69 29 1
70 30 1
70 30 1
71 30 1
71 30 1
71 31 1
71 32 1
72 33 1
72 33 1
72 34 1
72 40 1
71 41 1
71 41 1
71 42 1
71 42 1
70 42 1
70 42 1
69 43 1
69 43 1
68 43 1
67 43 1
67 44 1
67 45 1
66 46 1
66 46 1
67 47 1
67 47 1
68 47 1
69 47 1
69 48 1
69 48 1
70 48 1
71 48 1
72 49 1
72 49 1
72 50 1
72 52 1
73 53 1
73 53 1
73 54 1
73 55 1
72 56 1
72 56 1
72 57 1
72 59 1
71 59 1
71 59 1
71 60 1
71 60 1
70 60 1
69 60 1
68 61 1
68 61 1
67 61 1
67 61 1
67 62 1
67 63 1
66 63 1
66 63 1
66 64 1
66 64 1
65 64 1
60 64 1
60 63 1
60 63 1
59 63 1
58 63 1
57 62 1
56 61 1
55 61 1
48 61 1
47 62 1
47 62 1
46 62 1
44 62 1
44 63 1
44 63 1
43 63 1
40 63 1
40 64 1
40 65 1
39 66 1
39 66 1
38 66 1
37 66 1
37 67 1
37 71 1
36 72 1
36 72 1
36 73 1
36 73 1
35 73 1
35 73 1
35 74 1
35 74 1
34 74 1
32 74 1
31 75 1
31 75 1
30 75 1
29 75 1
29 76 1
29 76 1
28 76 1
25 76 1
25 76 0
25 76 0
28 74 1
28 74 1
27 74 1
24 74 1
23 75 1
23 75 1
22 75 1
21 75 1
21 75 0
21 75 0
29 73 1
29 73 1
29 73 0
29 73 0
31 73 1
31 73 1
31 73 0
31 73 0
36 65 1
36 65 1
37 64 1
37 64 1
38 64 1
38 64 1
38 64 0
38 64 0
35 64 1
35 64 1
35 63 1
35 62 1
34 61 1
34 61 1
34 60 1
34 59 1
33 58 1
33 58 1
33 57 1
33 57 1
32 56 1
31 55 1
32 54 1
32 54 1
33 54 1
33 54 1
34 55 1
37 58 1
37 59 1
37 59 1
38 60 1
38 60 1
38 61 1
38 62 1
38 62 0
38 62 0
39 59 1
39 59 1
39 58 1
39 57 1
38 56 1
37 55 1
37 54 1
37 54 1
36 54 1
36 54 1
36 53 1
36 53 1
35 53 1
35 53 1
34 52 1
34 52 1
34 51 1
34 45 1
33 44 1
30 41 1
30 40 1
30 37 1
31 36 1
31 36 1
31 35 1
31 35 1
32 34 1
32 34 1
33 34 1
33 34 1
34 33 1
34 33 1
35 33 1
36 33 1
36 32 1
36 32 1
37 32 1
51 32 1
52 31 1
53 30 1
54 30 1
54 30 1
55 29 1
55 29 1
55 28 1
55 28 1
54 28 1
52 28 1
51 29 1
50 30 1
49 30 1
36 30 1
35 31 1
35 31 1
34 31 1
34 31 1
33 32 1
33 32 1
32 32 1
32 32 1
32 31 1
32 31 1
33 30 1
34 29 1
34 29 0
34 29 0
31 33 1
31 33 1
31 33 0
31 33 0
55 27 1
55 27 1
55 26 1
55 26 1
55 26 0
55 26 0
56 30 1
56 30 1
57 30 1
58 30 1
58 31 1
58 31 1
59 31 1
63 31 1
63 30 1
63 30 1
64 31 1
64 31 1
65 31 1
65 31 1
65 30 1
65 30 1
66 31 1
66 31 1
67 31 1
68 31 1
69 32 1
70 33 1
70 34 1
70 39 1
69 40 1
68 41 1
67 41 1
66 41 1
65 40 1
65 40 1
64 40 1
64 40 1
63 39 1
61 37 1
60 37 1
58 37 1
57 38 1
57 38 1
57 38 0
57 38 0
40 60 1
40 60 1
40 61 1
40 61 1
41 61 1
43 61 1
44 60 1
44 60 1
45 60 1
47 60 1
48 59 1
48 59 1
49 59 1
50 59 1
50 58 1
50 58 1
51 57 1
51 57 1
51 56 1
51 55 1
52 55 1
61 55 1
62 56 1
64 58 1
65 58 1
65 58 1
66 59 1
66 59 1
67 59 1
67 59 1
68 58 1
68 58 1
69 58 1
69 58 1
70 57 1
70 57 1
70 57 0
70 57 0
65 60 1
65 60 1
64 60 1
63 60 1
62 59 1
62 59 1
61 59 1
61 59 1
61 58 1
61 58 1
60 58 1
60 58 1
60 57 1
60 57 1
59 57 1
53 57 1
53 58 1
53 58 1
54 59 1
54 59 1
55 59 1
57 59 1
58 60 1
59 61 1
60 61 1
60 61 1
61 62 1
61 62 1
62 62 1
64 62 1
65 61 1
65 61 1
65 61 0
65 61 0
33 62 1
33 62 1
33 63 1
33 65 1
34 66 1
34 66 1
34 67 1
34 67 1
35 67 1
35 67 1
34 68 1
34 68 1
34 69 1
34 70 1
33 70 1
33 70 1
33 70 0
33 70 0
32 61 1
32 61 1
32 60 1
32 60 1
31 59 1
31 59 1
31 58 1
31 58 1
30 58 1
30 58 1
30 57 1
30 57 1
30 57 0
30 57 0
71 55 1
71 55 1
71 54 1
71 53 1
71 53 0
71 53 0
68 49 1
68 49 1
67 49 1
59 49 1
58 48 1
58 48 1
57 48 1
57 48 1
56 49 1
56 49 1
55 49 1
52 49 1
52 48 1
52 47 1
53 47 1
56 47 1
57 46 1
57 46 1
57 45 1
57 45 1
58 44 1
58 44 1
58 43 1
58 40 1
59 39 1
59 39 1
60 39 1
60 39 1
60 40 1
60 40 1
61 40 1
61 40 1
61 41 1
61 41 1
62 41 1
62 41 1
63 42 1
63 42 1
64 42 1
64 42 1
65 43 1
65 43 1
65 44 1
65 44 1
64 45 1
64 45 1
63 45 1
61 45 1
60 46 1
60 46 1
59 46 1
59 46 1
58 47 1
58 47 1
58 47 0
58 47 0
60 44 1
60 44 1
59 44 1
59 44 1
59 44 0
59 44 0
56 44 1
56 44 1
56 43 1
56 43 1
55 43 1
55 43 1
54 44 1
54 44 1
53 44 1
52 44 1
51 45 1
51 45 1
50 45 1
47 45 1
47 44 1
47 43 1
48 43 1
51 43 1
52 42 1
52 42 1
53 42 1
54 42 1
55 41 1
55 41 1
56 41 1
56 41 1
56 40 1
56 40 1
56 40 0
56 40 0
63 48 1
63 48 1
62 47 1
62 47 1
62 47 0
62 47 0
69 50 1
69 50 1
70 50 1
70 50 1
70 51 1
70 51 1
70 51 0
70 51 0
58 25 1
58 25 1
58 24 1
58 24 1
57 23 1
57 23 1
57 22 1
57 20 1
56 20 1
56 20 1
56 19 1
56 19 1
55 18 1
54 17 1
53 17 1
44 17 1
44 18 1
44 20 1
43 20 1
42 20 1
42 21 1
42 21 1
41 21 1
41 21 1
40 22 1
40 22 1
40 23 1
40 23 1
39 24 1
38 25 1
37 25 1
37 25 1
37 25 0
37 25 0
37 28 1
37 28 1
36 28 1
36 28 1
36 28 0
36 28 0
13 66 1
13 66 1
13 65 1
13 64 1
14 64 1
16 64 1
16 65 1
16 66 1
15 66 1
14 66 1
14 66 0
14 66 0
6 57 1
6 57 1
6 56 1
6 55 1
7 54 1
7 54 1
7 53 1
7 52 1
8 51 1
10 49 1
11 49 1
11 49 1
11 48 1
11 44 1
12 44 1
12 44 1
12 44 0
12 44 0
24 65 1
24 65 1
25 65 1
27 65 1
28 66 1
30 68 1
30 69 1
30 69 1
30 69 0
30 69 0
25 67 1
25 67 1
26 67 1
26 67 1
26 68 1
26 68 1
27 68 1
27 68 1
27 69 1
27 69 1
28 69 1
28 69 1
28 70 1
28 70 1
29 71 1
29 71 1
30 71 1
30 71 1
30 71 0
30 71 0
33 72 1
33 72 1
33 72 0
